1991 0.363636363636364
1992 0.303030303030303
1993 0.333333333333333
1994 0.458333333333333
1995 0.875
1996 0.5
1997 0.527777777777778
1998 0.472222222222222
1999 0.784188034188034
2000 0.591346153846154
2001 0.803030303030303
2002 0.642424242424242
2003 0.627272727272727
2004 0.459090909090909
2005 0.784848484848484
2006 0.51060606060606
2007 0.466666666666667
2008 0.583333333333333
2009 0.55
2010 0.533333333333333
2011 0.666666666666667
2012 0.621212121212121
1995P 1.0
1995D 0.666666666666666
